8 1
4096 4096
8.000000 0.125000
0
1
19 4
32767.000000
2048.000000 2048.000000 32767.500000
0.000000 0.000000 0.000000
-0.983892 -0.149128 0.098581
0.125024 -0.968178 -0.216793
0.127774 -0.200976 0.971227
-0.003869 -0.025035 0.000199
1986.384155 2102.503418 3939.543701
45.000000 0.000000 0.000000
0.000000 0.000000 0.000000
0.934891 1.000000
1925.702026
1 0
0 1.218667
0.057868 0.000000 0.000000 0.000000
0.500000 0.000000 0.000000 0.000000
0.500000 2.068074 0.000000 1.294977
0.234926
2.771040 0.000000 0.000000 0.000000
0.500000 0.000000 0.000000 0.000000
0.500000 2.068074 0.000000 -0.431167
0.452184
0.522632 0.305289 0.291924 -0.175390
0.551255 -0.267227 -0.398312 0.159801
0.574490 0.023149 -0.141730 -0.334688
0.111160
0.076608 -0.088144 -0.695720 0.437119
-0.187422 0.131977 -0.127272 -0.682577
-0.063869 0.146695 0.092267 0.348791
0.201729
1.034037 0.647489
1.034037 -1.215584
1.034037 0.647489
1.034037 0.784416
-0.795130 1.469218
1.034037 -0.215584
0.795130 -1.469218
-1.034037 0.215584
0.804658 -0.197246
1.034037 -0.215584
-0.804658 0.197246
-1.034037 0.215584
1.034037 0.647489
1.034037 0.784416
1.034037 0.647489
1.034037 -1.215584
-0.910419 0.683613
-0.936446 0.668580
0.001000 0.001000 0.001000 0.001000
1.355782 0.030051 -0.057525 0.000000
0.000000 0.000000 0.000000
0.000000 0.000000 0.000000
0.000000 0.000000 0.000000
0 0 0
0.500000 0.000000
0 0
0.000000
19 4
14 0
0 0
0 1 0 0 0 1 1
1.000000 1.000000 1.000000
0.842640 -0.153512 -0.516131
-0.128585 0.873408 -0.469706
0.522899 0.462160 0.716230
0.522899 0.462160 0.716230
1.000000 1.000000 1.000000
0.000000
0
-24.669119
8
1.000000
1000
1
0
46
1.000000 0.000000 0.000000
0.000000 1.000000 0.000000
0.000000 0.000000 1.000000
1.000000 0.000000 0.000000
0.000000 1.000000 0.000000
0.000000 0.000000 1.000000
0.000000 -0.152344 0.000000
7
0
1.000000
40
6
96.000000 415.000000
0.477848
26.000000
0.206257
0.190271
0.036299
0.000000
0.000000
0.000000
0.000000
0.000000
0.000000
0.000000
0.000000
0.000000
0010000000000
4
1.000000 0.000000 0.000000
0.000000 1.000000 0.000000
0.000000 0.000000 1.000000
0.500000 0.000000 0.000000
0.000000 0.500000 0.000000
0.000000 0.000000 0.500000
2.068074 0.000000 1.294977
0.250000
1
0
0
0
0
0
0
0
0
0
1.000000
0.000000
0.000000
0.000000
0.000000
0.000000
0.000000
0.000000
0.000000
0.000000
1.000000 0.000000 0.000000
0.000000 1.000000 0.000000
0.000000 0.000000 1.000000
0.500000 0.000000 0.000000
0.000000 0.500000 0.000000
0.000000 0.000000 0.500000
2.068074 0.000000 -0.431167
0.250000
1
0
0
0
0
0
0
0
0
0
1.000000
0.000000
0.000000
0.000000
0.000000
0.000000
0.000000
0.000000
0.000000
0.000000
0.837387 -0.157277 -0.523495
0.357080 0.882512 0.306049
0.413856 -0.443211 0.795165
0.673744 -0.090066 -0.022694
0.085290 0.644409 0.009091
-0.014261 0.044231 0.696067
0.023149 -0.141730 -0.334688
0.250000
1
0
0
0
0
1
0
0
0
0
1.000000
0.000000
0.000000
0.000000
0.000000
0.417911
0.000000
0.000000
0.000000
0.000000
0.205066 0.902915 -0.377746
-0.054368 -0.374843 -0.925493
-0.977237 0.210324 -0.027778
0.458467 -0.050227 0.020608
0.070539 0.706766 0.065679
0.000622 0.047465 0.709416
0.146695 0.092267 0.348791
0.250000
1
1
0
0
1
0
0
0
1
0
1.000000
0.582110
0.000000
0.000000
0.933128
0.000000
0.000000
0.000000
0.573552
0.000000
0 0 1 0 0 0 1
2
0
Storm.bmp
0.015753
10.000000
5.000000
1.500000
1.500000
1.500000
53.000000
530.255127
1720.000000
275.000000
275.000000
275.000000
6
6
4
00
200.000000
30.000000
200.000000
80.000000
0.766000
1.081000
90.000000
0.997000
8.000000
0.001000
0.250000
0.766000
1.081000
90.000000
0.997000
8.000000
0.001000
0.250000
0.766000
1.081000
90.000000
0.997000
8.000000
0.001000
0.250000
0.766000
1.081000
90.000000
0.997000
8.000000
0.001000
0.250000
0.766000
1.081000
90.000000
0.997000
8.000000
0.001000
0.250000
0.766000
1.081000
90.000000
0.997000
8.000000
0.001000
0.250000
0.766000
1.081000
90.000000
0.997000
8.000000
0.001000
0.250000
0.766000
1.081000
90.000000
0.997000
8.000000
0.001000
0.250000
0.766000
1.081000
90.000000
0.997000
8.000000
0.001000
0.250000
0.766000
1.081000
90.000000
0.997000
8.000000
0.001000
0.250000
0 0 0
1000000000
1000000000
0000000000
0000000000
texture141.bmp
#
#
#
#
#
#
#
#
#
texture148.bmp
#
#
#
#
#
#
#
#
#
0000000000
0000000000
0 0 0
0 0 0
0 0 0
0 0 0
0 0 0
0 0 0
0 0 0
0 0 0
0 0 0
0 0 0
0 0 0
0 0 0
0 0 0
0 0 0
0 0 0
0 0 0
0 0 0
0 0 0
0 0 0
0 0 0
0000000000
0000000000
7
1.000000
1.000000
0
0
0.500000
4.000000
0
1
1
8b 9 0 90 9 1 95 9 3 9a 9 4
a0 9 5 a5 9 7 a9 9 8 ae 9 9
b1 9 a b3 9 c b4 9 d b3 9 e
b3 9 10 b6 8 11 b9 8 12 bd 8 13
c1 8 15 c5 8 16 c8 8 17 cc 8 19
d0 8 1a d3 8 1b d7 8 1c da 8 1e
dd 8 1f e0 8 20 e2 8 22 e5 8 23
e8 8 24 ec 8 26 f1 8 27 f8 8 28
fe 8 29 ff 8 2b ff 8 2c ff 7 2d
ff 7 2f ff 7 30 ff 7 31 ff 7 32
ff 7 34 ff 7 35 ff 7 36 ff 7 38
ff 7 39 ff 7 3a ff 7 3c ff 7 3d
ff 7 3e fe 6 3f f9 6 41 f3 6 42
ec 6 43 e4 6 45 dd 6 46 d9 6 47
d4 6 48 d1 6 4a cd 6 4b c9 6 4c
c5 6 4e c1 5 4f bd 5 50 b8 5 52
b4 5 53 b0 5 54 ab 5 55 a6 5 57
a2 5 58 9d 5 59 9a 5 5b 97 5 5c
96 5 5d 96 4 5e 95 4 60 93 4 61
90 4 62 8b 4 64 86 4 65 81 4 66
7c 4 68 77 4 69 72 4 6a 6d 4 6b
68 4 6d 63 4 6e 5e 3 6f 59 3 71
54 3 72 4f 3 73 4a 3 74 45 3 76
3e 3 77 35 3 78 2c 3 7a 23 3 7b
1d 3 7c 18 3 7d 14 3 7f 10 3 80
d 3 81 a 3 83 7 3 84 4 2 85
2 2 87 0 2 88 0 2 89 0 2 8a
0 2 8c 0 2 8d 0 2 8e 0 2 90
0 2 91 0 2 92 0 2 93 3 2 95
7 2 96 a 2 97 b 2 99 c 2 97
d 2 96 e 2 95 10 2 94 11 2 92
13 2 91 14 2 90 16 2 8f 19 2 8e
1b 2 8c 1e 2 8b 20 2 8a 23 2 89
25 2 87 27 2 86 27 2 85 25 2 84
24 2 82 24 2 81 26 2 80 29 2 7f
2d 2 7d 31 2 7c 36 2 7b 3a 2 7a
3f 2 78 44 2 77 49 2 76 4e 2 75
53 2 74 58 2 72 5d 2 71 62 2 70
68 2 6f 6e 2 6d 75 2 6c 7e 2 6b
89 2 6a 93 2 68 9b 2 67 a2 2 66
a8 2 65 ad 2 63 b2 2 62 b7 2 61
bc 2 60 c1 2 5e c5 2 5d ca 2 5c
ce 2 5b d3 2 5a d7 2 58 db 2 57
df 2 56 e2 2 55 e5 2 53 e6 2 52
e5 3 51 e3 3 50 e1 3 4e e1 3 4d
e3 3 4c e4 3 4b e6 3 49 e8 3 48
ea 3 47 ec 3 46 ee 3 44 ef 3 43
f0 3 42 f1 3 41 f2 3 40 f2 3 3e
f3 3 3d f3 3 3c f4 3 3b f4 3 39
f7 3 38 fa 3 37 ff 3 36 ff 3 34
ff 3 33 ff 3 32 ff 3 31 ff 3 2f
fd 3 2e fb 3 2d f9 3 2c f6 3 2a
f3 3 29 f0 3 28 ed 3 27 e9 3 26
e6 3 24 e2 3 23 de 3 22 d9 3 21
d3 3 1f cc 3 1e c3 3 1d b9 3 1c
b0 4 1a a9 4 19 a4 4 18 9e 4 17
99 4 15 94 4 14 8f 4 13 8a 4 12
85 4 11 80 4 f 7b 4 e 75 4 d
70 4 c 6b 4 a 66 4 9 61 4 8
5d 4 7 5a 4 7 58 4 6 58 4 6
59 4 6 57 4 6 54 4 6 50 4 6
4c 4 6 48 4 6 44 4 6 3f 4 6
3b 4 6 37 4 6 34 4 6 30 4 6
2c 4 6 29 4 6 25 0 6 22 0 5
1.000000
